1431515734 53
1431516446 70
1431523881 78
1431524038 80
1431524106 82
1431524398 88
1431709362 88
1431773961 89
1432108726 89
1432358490 89
1432459505 89
1432459549 90
1432606435 94
1433190768 94
1433190985 97
1433191061 98
1433191562 106
1433191641 110
1433191989 115
1433192659 119
1433193719 119
1433193732 138
1433194778 138
1433195588 143
1433195801 143
1433197007 169
1433197031 169
1433197062 169
1433197306 169
1433197417 169
1433197445 169
1433197564 171
1433197606 171
1433197671 171
1433197787 171
1433204432 171
1433204632 171
1433204723 173
1433204775 177
1433802434 165
1436244937 165
1436516549 171
1436516663 173
1436516867 173
1436517319 175
1436517478 175
1436525223 199
1436526233 200
1436526608 200
1436526861 202
1436526997 207
1436555092 209
1436555283 209
1436703760 209
1436703800 211
1437384031 211
1437926056 212
1439687764 212
1440039422 216
1440179902 218
1440179996 218
1440215727 218
1440919001 214
1440919125 217
1440919182 220
1440920746 220
1440920886 220
1440922383 220
1440923226 220
1440923311 220
1440927330 225
1440927562 234
1440928037 234
1440928447 237
1440928860 243
1440934515 246
1440934713 246
1440940286 246
1441007378 252
1441568668 253
1441568780 254
1441882144 256
1441952181 256
1448094989 258
1448096109 261
1448203622 261
1448525541 263
1449296464 263
1450015398 269
1450978077 269
1450978344 272
1451043412 273
1451046075 276
1451128366 288
1451132433 290
1451198747 304
1451200670 304
1451353559 304
1451353573 306
1451353666 309
1451354086 308
1451354120 309
1451354159 309
1451356054 309
1451356490 309
1451373706 309
1451474870 309
1451475156 317
1451475922 318
1451476229 318
1451476399 319
1451477541 333
1451812970 339
1451847996 339
1451925995 339
1451926410 341
1451927884 340
1451927915 340
1451927985 343
1456995813 343
1457620585 344
1457620910 348
1457621427 348
1457621565 353
1457622063 353
1457637986 352
1458720699 354
1459390217 356
1459390233 358
1460442183 369
1460475850 369
1463383504 372
1464505389 372
1464505420 372
1465417457 351
1468574350 353
1469811978 357
1472024290 359
1472026777 359
1472028075 359
1472482464 361
1472483284 361
1472483388 368
1472483550 368
1472524969 374
1472615056 375
1472765150 376
1472765175 376
1472980011 383
1473061515 383
1473061754 387
1478503917 389
1480907031 393
1480907227 396
1480907699 396
1481614364 400
